numeroPeriodo,7.4287,33.6762,30.8161,21.6481,11.0935
rcapinst,95.1924,187.5,100.8383,70,183.0801
rocup,0.9369,0.8332,1,1,0.8286
rprodobt,91.6021,154.0054,100.8383,70,149.4689
rstockprd,116.8709,1114.5942,117.7964,78,365.026
rplantilla,217.0095,255,215.4371,225,255
rrecur,56120.7687,0,0,14212.3595,0
rpagamcap,57691.1878,0,0,0,300255.2269
rcobredcap,0,0,0,0,0
rexceso,0,0,0,0,0
rdemanda,136.3267,201.0854,164.2058,106.1896,153.0365
ragrega,90.8254,0,0,23.6034,0
rstockven,95.0662,154.0121,100.8383,71.2315,153.8504
rventas,94.5903,154.0095,100.8383,70.9383,148.5242
rcali,6.0261,9,1.1198,8.3519,7.5175
rcuota,14.7344,22.7146,14.8726,10.867,22.7972
rcostemed,0.1831,0,0,0.0476,0
rcostemfab,27.4528,7.1027,7.7792,10.3759,7.2537
rcosteuni,1.4884,0,0,0.4065,0
rtipoemp,7.7785,4.3231,4.6316,5.7714,7.2526
ramorpre,394751.5682,0,0,85283.5193,1577556.058
rdividendo,0,0,0,0,0
ramplik,32287.9613,0,0,0,0
raccven,5372.3729,0,0,0,0
rvalorcont,24.1326,215.416,163.4066,76.0562,40.7635
rvalormer,19.5734,-149700.9276,55.6199,-38081543623,25.2528
rgtosestab,17816.2258,26144.0265,17508.5263,17429.351,26420.452
rgtosamor,16972.0965,26144.0265,17508.5263,17173.8281,25948.4719
rplantae,4725739.805,13237291.83,4877015.289,4207084.731,13150727.02
ramoracu,1508256.901,12432207.45,4550313.926,3013129.666,4936743.829
rinmonet,3217482.904,805084.3809,326701.3627,1193955.065,8213983.19
ractfin,71093.705,0,82054.3472,330556.6574,0
rexistmp,189527.6205,1607802.826,193911.9199,128104.0587,552876.2281
rexistpt,760613.6099,1093885.985,783988.8909,729339.0955,1118650.074
rclientes,2454033.025,7485376.553,5191071.103,2885586.102,3835956.806
rtotactfic,844.1294,0,0,255.5229,471.9801
rtotactcir,6625417.048,83312897.68,53693182.15,25379361.11,11879504.93
rtotactre,9842899.952,84117982.07,54019883.51,26573316.18,20093488.12
rtotact,9843744.081,84117982.07,54019883.51,26573571.7,20093960.1
rcapsoc,2028810.353,2298871.299,1942204.805,2028415.852,2298871.299
rreser,3383661.727,62230796.38,39525919.76,18019711.27,7533179.634
rrea,236324.3249,3193730.473,2167745.756,1063921.442,1235123.693
retotrec,7692038.059,82398281.04,52852635.8,25669479.76,15592365.95
rdeudala,570226.2943,0,0,79300.2082,423869.0543
rdeudaco,1018024.07,0,0,241769.2635,2076589.468
rtotpasci,1581027.321,1719701.024,1167247.715,824791.7325,4077725.09
rtotrecaj,2151253.615,1719701.024,1167247.715,904091.9407,4501594.145
rtotpas,9843291.674,84117982.07,54019883.51,26573571.7,20093960.1
rpotros,0,0,0,0,0
rcotros,0,0,0,0,0
rsaldo,12.8622,0,0,2.0525,0
racumpyg,2043241.655,14674882.89,9216765.483,4557431.199,4525191.326
rvtaneta,2454033.025,7485376.553,5191071.103,2885586.102,3835956.806
rcostefab,771090.4333,1094509.358,784403.5811,736043.4319,1076769.389
ramortiza,116701.2154,330932.2957,121925.3822,105177.1183,321261.7948
rrrhh,466133.1317,550392.4256,465703.8467,485292.656,550233.984
rcostemp,149675.9292,215913.331,166104.8691,114957.7675,213340.7442
rmarbru,1682942.592,6390867.195,4406667.522,2149542.67,2759187.417
rcostefijo,27866.9152,56237.2096,30254.7928,20885.9865,54908.8571
rgtosgene,65648.6636,161159.399,64090.6698,44048.5014,158730.6417
rbaii,978430.1551,5859662.511,3748625.788,1894305.791,2230905.181
rinteres,1041.3837,0,840.6732,4115.5938,0
rgtosfin,41579.5867,0,0,6581.7621,102309.7919
ringaext,-62623.5457,0,0,0,0
rbai,937891.9522,5859662.511,3749466.461,1891839.623,2128595.389
rimpupre,303256.5108,2120042.817,1258902.281,617216.1747,474958.6293
rbdi,1186074.719,8221457.423,5151882.025,2575046.127,2652839.561
rgtosfina,-11682.3334,0,0,-1416.4779,0
rgtosfor,53041.0732,97606.8978,54552.5246,37886.7599,94897.534
rgtoscom,35410.4626,0,0,2586.949,0
rvtaspla,2352208.539,7343329.927,5095225.474,2805905.101,3630398.359
rvtascto,0,0,0,0,0
rcomvena,149580.7395,261927.7916,165976.7537,114966.0282,250717.7438
rtotcob,2576594.807,7343329.927,5096066.147,2813889.334,4856590.816
rtotpag,2001096.667,3236416.335,2515764.065,1534226.839,3779265.487
rtesoreria,2533121.356,69018918.73,44861853.81,20026112.71,5240526.477
rdescu,259746.74,0,0,3868.6258,1280362.29
rtesore,3150149.087,73125832.32,47442155.89,21305775.2,6372021.818
rliqui,1.3659,2.3116,2.4761,2.4515,1.0607
rsolven,2.1874,2.4115,2.5515,3.7845,2.6868
rendeu,0.3434,0.0198,0.0224,0.0693,0.2882
rfondo,0.3458,0.9544,0.9585,0.7931,0.2512
rmargen,-2.4082,0.7773,0.7123,0.6087,0.5304
rrotven,0.2532,0.0989,0.1116,0.1532,0.1983
rroi,6.3234,7.5926,7.7774,8.4081,10.8258
rroe,13.6963,7.7509,7.9705,9.0135,13.4777
rproduct,426.2138,603.9429,469.8229,311.1111,586.1526
rcoti,0.7969,-517.7113,0.3802,-240413205.8,0.7952
rcobinm,2.8105,47509969.52,40.4292,4.53236E+13,2.4345
rapala,0.4241,0.0219,0.0249,0.1018,0.7513
rprodeco,11465.7289,29354.4179,24150.6723,12824.8271,15042.9679
rcompid,0.4285,0.0124,0.0518,0.0482,0.0269
rper,-9.4813,-6774.0416,4.0841,-3509997141,9.0417
ragregaest,90.8254,0,0,23.6034,0
estdeman,136.468,201.639,164.2405,105.865,152.5084
estprecioemp,0,0,0,0,0
estcapin,94.7347,187.77,100.5238,70.2279,184.0843
estpromo,246624.2518,206998.5849,252355.3374,64075.2319,206613.0791
estpubli,82062.7615,69553.3528,83968.8595,21223.856,69349.9601
estaccven,0,0,0,0,0
estprecemi,0,0,0,0,0
coberDemanEmpr,0,0,0,0,0
dimenEmpr,41.1343,13.5854,63.3675,36.1896,-30.0436
esfPubliEmpr,604.7962,347.9125,513.3088,206.7806,462.2728
esfRVentasEmpr,1818.8415,1035.7912,1542.1668,623.437,1377.1638
evoPrecioEmpr,25.5642,48.6047,51.4526,40.9878,25.5289
costeIDEmpr,8775.4135,587.5719,2586.0998,1755.2962,609.4929
calMediaEmpr,7.151,7.6845,4.2035,7.2251,5.6882
evoVentasEmpr,94.5903,154.0095,100.8383,70.9383,148.5242
dimenPlantillaEmpr,4.1993,0.8279,1.2838,1.9286,0.853
valMerCont,-4.5593,-149916.3436,-107.7868,-38081543700,-15.5107
evoCuotaMer,0,0,0,0,0
puntROI,0.3851,0.7954,0.144,0.0794,0.8065
puntROE,0.35,0.7959,0.1711,0.1147,0.8029
puntProductividad,0.4436,0.9969,0.5403,0.0262,0.9535
puntCosteFab,0.1266,0.9461,0.0243,0.8468,0.9209
puntCuotaMer,0.3069,0.5815,0.1785,0.2114,0.6099
puntEnd,0.5082,0.7022,0.6035,0.0455,0.352
puntValMer,0.59,0.5828,0.726,0.0944,0.2918
pipc,4.734,3.6486,3.7593,4.1412,4.5714
pincvtas,4.1699,3.6486,3.7593,3.9946,4.5714
ptipomoo,8.0844,4.8231,5.1316,6.2861,7.5498
pcalendar,0,0,0,0,0
ptipoact,6.2878,3.7513,3.9913,4.8892,5.8721
ptipoemp,0,0,0,0,0
pdescu,16.0395,9.5498,10.1607,12.457,14.96
psalario,2148.4709,2158.4017,2161.5894,2156.8562,2157.7803
pcospue,3034.567,3048.5935,3053.0959,3046.4106,3047.7159
predpue,3641.4784,3658.3101,3663.7131,3655.6906,3657.257
pprecmp,1.8177,1.8261,1.8288,1.8248,1.8256
pcosamp,91037.0296,91457.8247,91592.8978,91392.3372,91431.4967
pcosinf,3034.567,3048.5935,3053.0959,3046.4106,3047.7159
pdemanda,812.9044,816.6618,817.8679,816.0771,816.4267
ptipoimp,0.3105,0.35,0.35,0.3397,0.35
pvalnom,6.01,6.01,6.01,6.01,6.01
ranking,0.4709,0.7423,0.3705,0.1771,0.6483