#Cluster centroids:
#                              Cluster#
#Attribute       Full Data            0            1            2            3
#                   (3918)       (1045)       (1872)        (634)        (367)
#=============================================================================
dprecioemp        40.8076      41.6934      43.7236      42.7246      20.0993
dpublicida     68561.8708   69358.6911    83583.868    21241.323   71415.7432
dpromred      205381.8327  206520.8109  251141.9893   64033.3849  212906.8206
dinfcomer       2996.0883    3051.0004    3015.2294    3046.9052    2654.3086
damplrrhh           0.148            0       0.1122            0       1.0082
dredrrhh           0.7874            0       0.2778            0       6.9891
dformacion      7035.1741    3874.5977    9429.8099    6035.7168    5546.6179
dampcap            0.2705            0       0.2618            0       1.5531
dredcap            0.8691            0        0.625            0       6.0899
dprodprog         119.672     184.3493      98.7206           70      128.188
dcompramp        119.2968     183.5311      98.8782           70     125.7084
rpreciocom              0            0            0            0            0
did           178723.9915   90502.0094  253895.2947  122872.4699  142977.8234
dprestamo     215245.2991            0            0            0 2297904.8552
dplazopres         0.0937            0            0            0            1
dactfinco          0.0153            0       0.0084            0       0.1206
dactfinvta         0.0056            0            0            0       0.0597
dcomprapla              0            0            0            0            0
daccemi         2074.0161            0      456.891            0    19811.158
dprecemi            0.092            0       0.0482            0       0.7369
ddivbene                0            0            0            0            0
ddivres         1944.2387            0    1003.2553            0   15638.7833