#                                                    Cluster#
#Attribute                      Full Data                   0                   1                   2                   3                   4                   5
#                                  (3918)               (750)               (807)              (1125)               (114)               (634)               (488)
#================================================================================================================================================================
rcapinst                        121.1281               187.5             93.2404            100.7467            106.6667                  70            182.0287
rocup                             0.9326              0.8332              0.9319                   1              0.9983                   1              0.8278
rprodobt                        109.7456            154.0049             89.7026            100.7467            104.6667                  70            148.4374
rstockprd                       311.6643           1046.6582            116.0859            117.6996            117.3333                  78            301.6106
rplantilla                      229.8905                 255            215.3383            215.4933               229.5                 225                 255
rrecur                        14411.2548                   0                   0                   0         495292.0719                   0                   0
rpagamcap                     58302.4148                   0          60193.2839                   0                   0                   0         368550.9855
rcobredcap                             0                   0                   0                   0                   0                   0                   0
rexceso                                0                   0                   0                   0                   0                   0                   0
rdemanda                        152.9138            197.5267            138.1839            165.2789                 121              106.73            147.6581
ragrega                          23.4227                   0                   0                   0                 805                   0                   0
rstockven                       111.3627            154.0098             91.7778            100.7467            120.8333             70.2997            153.8156
rventas                         110.3974             154.008             91.7757            100.7467            115.6667             70.2997            147.2787
rcali                             5.6473                   9              5.7435              1.0498              6.1667              8.4511              7.1701
rcuota                           16.6667             22.7145             14.4226              14.859             16.6667             10.8073             22.8625
rcostemed                         0.0472                   0                   0                   0              1.6227                   0                   0
rcostemfab                       12.3153              7.1071             28.6308              7.7832              8.1217             10.3804              7.2805
rcosteuni                         0.3871                   0                   0                   0             13.3044                   0                   0
rtipoemp                          5.8486              4.5405              7.6601              4.5405                   8              5.6932              7.5784
ramorpre                     341934.1659                   0         391906.1918                   0         192323.8734          85005.3832        1941826.7027
rdividendo                             0                   0                   0                   0                   0                   0                   0
ramplik                        7475.2481                   0          36292.4686                   0                   0                   0                   0
raccven                        1243.8017                   0           6038.6803                   0                   0                   0                   0
rvalorcont                      108.9662            196.6716             28.3941            169.3912              9.8025             78.5141             30.8431
rvalormer               -6469260255.4209        -130531.0019             21.7136             56.9075              9.8025   -39978649646.6857             22.2331
rgtosestab                    20334.2429          26144.0265          17415.9456          17519.1022          20334.2429           17429.351          26495.0275
rgtosamor                     20038.4154          26144.0265          17027.6336          17519.1022          16267.3943          17272.6518          25915.6912
rplantae                    7357438.2983       13237291.8272        4534152.5402        4877413.5646        5955028.2677        4207084.7308       13127373.1156
ramoracu                       4988546.8        11761013.716        1618037.9395        4650712.4666         1178484.568        3089453.4283        4289953.3179
rinmonet                    2368891.4983        1476278.1112        2916114.6007          226701.098        4776543.6997        1117631.3025        8837419.7976
ractfin                       95160.2755                   0          72985.4854           83126.652          95160.2499         330556.6574                   0
rexistmp                     467895.0767        1513169.8795         187985.2593         193684.8787            193646.1         128142.9466         461921.3622
rexistpt                     871332.8526        1094550.6448         746784.2327         783727.0233         875947.0949         726626.1985        1123119.6252
rclientes                   4386784.7174        7183961.5227        2611691.1961         5269949.043        1805565.5725        2931991.4026        3480341.9829
rtotactfic                      295.8274                   0            388.3119                   0           4066.8486            156.6992            579.3363
rtotactcir                 37420618.1985       75418015.1806        7764020.9279       55798112.0096        3374995.4925       26231212.9038        8189941.2902
rtotactre                  39789509.6968       76894293.2918       10680135.5285       56024813.1076        8151539.1922       27348844.2063       17027361.0878
rtotact                    39789805.5242       76894293.2918       10680523.8404       56024813.1076        8155606.0408       27349000.9055       17027940.4241
rcapsoc                      2089420.409        2298871.2993        2023440.1251        1942711.5263        2068984.1694        2028415.8523        2298871.2993
rreser                      27108306.627       56062331.2921        4203578.7004       41178825.2078        1568040.5804        18674326.884        4973054.6209
rrea                        1593022.3278        3093808.4127         270657.2017        2284056.6147        -336934.3975         1112214.269         955712.6894
retotrec                   37848399.4553       75228396.4542        9021334.7524       54794936.4689        3390581.7391       26499054.2847       11797713.7659
rdeudala                     200463.1542                   0         278416.8093                   0        2691532.5409                   0         520281.8924
rdeudaco                     578700.3604                   0         778061.2492                   0        2073491.7602          247108.017        2554114.8369
rtotpasci                    1740838.731        1665896.8376        1380266.4649        1229876.6387        2073491.7602         849946.6208        4709944.7658
rtotrecaj                   1941301.8852        1665896.8376        1658683.2742        1229876.6387         4765024.301         849946.6208        5230226.6582
rtotpas                    39789701.3405       76894293.2918       10680018.0266       56024813.1076        8155606.0408       27349000.9055       17027940.4241
rpotros                                0                   0                   0                   0                   0                   0                   0
rcotros                                0                   0                   0                   0                   0                   0                   0
rsaldo                            3.1036                   0                   0                   0            106.6667                   0                   0
racumpyg                    7057650.0915       13773385.4502        2523658.7252        9389343.1201          90491.3875        4684097.2793        3570075.1563
rvtaneta                    4386784.7174        7183961.5227        2611691.1961         5269949.043        1805565.5725        2931991.4026        3480341.9829
rcostefab                     868511.377        1095083.4758         752905.7976         784196.6314         931242.2119         729549.1996        1071727.4068
ramortiza                    182478.3971         330932.2957         111848.9814         121935.3391         148875.7067         105177.1183         318970.5533
rrrhh                        495809.2373         551001.8262         463467.3247         465657.6173          488280.264         485463.2671           549177.48
rcostemp                     169263.9792         215992.2612         146853.7774         165909.3014         169846.0207         114993.4348         212612.3528
rmarbru                     3518273.3404         6088878.047        1858785.3985        4485752.4116         874323.3606        2202442.2029        2408614.5762
rcostefijo                    36167.2508          56221.4823          27755.9493          30224.7656          27846.8942          20992.3783          54613.8333
rgtosgene                     91343.8461         161158.0968          64534.2721          64012.9575          69070.3144          44008.5652         158089.0068
rbaii                       2957473.4079         5557677.159        1140017.1095        3828080.2752         350969.0319        1947241.7313        1881100.6123
rinteres                       1162.2756                   0           1147.4658            840.0724            964.6244           4057.9531                   0
rgtosfin                      25909.8286                   0          32225.6806                   0           95300.486           5106.0744         125834.1757
ringaext                     -13953.1413                   0         -67742.7605                   0                   0                   0                   0
rbai                        2932725.8549         5557677.159        1108938.8947        3828920.3476         256633.1703        1946193.6099        1755266.4366
rimpupre                     956376.2183        1942632.6218         314720.2121         1308139.348          26086.9304          628304.325         334329.3586
rbdi                        3977407.9763        7717147.0989        1400527.0672        5286185.9427          64404.4571        2637502.9512        2128935.6947
rgtosfina                     -2744.8704                   0                   0                   0         -94336.8633                   0                   0
rgtosfor                      64608.1228           97606.673           51929.448          54502.9392          58698.8489             37869.3          94274.4762
rgtoscom                       8037.7622                   0                   0                   0         276245.1969                   0                   0
rvtaspla                    4268395.1462        7039092.0835        2547615.8585        5175033.0203        1358036.9342        2868012.9077        3264915.1244
rvtascto                               0                   0                   0                   0                   0                   0                   0
rcomvena                      182409.382          262217.801         146282.4075          165765.453         173091.4861         115000.8397         247618.0506
rtotcob                     4508980.7381        7039092.0835        2756683.6149        5175873.0927        1634465.4398         2876024.927        4773847.7433
rtotpag                     2564753.6848        3143701.0061        2085670.1171         2532220.042          1536906.15        1558606.6775        4089512.1236
rtesoreria                 29639216.8873       61730942.0562        3434518.5595       46823971.3619         307117.1853       20796477.4493        2376317.4198
rdescu                       255408.1886                   0          285796.316                   0                   0           3954.0528        1572837.6769
rtesore                    31599445.2763       65626333.1336        4144574.7543       49467624.4126         404676.4752       22113895.6988        3124558.3198
rliqui                            1.9918              2.2252               1.302              2.6089              0.8568              2.5274              0.9208
rsolven                           2.6772              2.3589              2.0843              2.6873              1.7954              3.8185              2.8469
rendeu                            0.1414              0.0215              0.2971              0.0235               0.572              0.0584               0.347
rfondo                            0.6881              0.9307              0.4006              0.9619              0.1853              0.8036              0.1267
rmargen                          -0.0631              0.7655             -2.8297              0.7175              0.1862              0.6207              0.4926
rrotven                           0.1599              0.1085              0.2507              0.1072               0.234              0.1501               0.206
rroi                              7.9425              8.1499              6.6686               7.552              4.6922              8.4765             10.6963
rroe                             10.2616               8.337             14.6173              7.7537              8.3164              9.0101              13.878
rproduct                        473.3019            603.9409             421.869            469.2961            453.7011            311.1111            582.1073
rcoti                     -40770859.0051           -452.0063                0.73              0.3714                   1     -251955659.5003              0.8711
rcobinm               7496102662066.7872       39908374.5888              3.5406             40.6426              0.7573  46324448420579.616              1.5777
rapala                            0.2319               0.024              0.2461               0.026              1.4396              0.0825              0.9146
rprodeco                      18997.2261          28172.3981          12258.4456          24512.5713           7986.8911          13031.0729          13648.3999
rcompid                           0.1296               0.013              0.4776              0.0508              0.0969              0.0472              0.0292
rper                     -598053230.9699          -5960.9338              3.5395              4.0697            -91.8291    -3695848722.7929             10.3377
ragregaest                       23.4227                   0                   0                   0                 805                   0                   0
estdeman                        152.9072            197.9474             138.162            165.3798            121.6413             106.418            147.0179
estprecioemp                           0                   0                   0                   0                   0                   0                   0
estcapin                         121.165            187.8064             93.0656            100.3416            105.2061             70.2308            183.1183
estpromo                     205323.5056         206971.7395         248806.4367         252171.0405         204607.0778           64074.995         206558.8561
estpubli                      68516.4478          69539.8479           82809.691          83899.3184          68358.7229          21225.7669          69320.4348
estaccven                              0                   0                   0                   0                   0                   0                   0
estprecemi                             0                   0                   0                   0                   0                   0                   0
coberDemanEmpr                         0                   0                   0                   0                   0                   0                   0
dimenEmpr                        31.7856             10.0267             44.9435             64.5323             14.3333               36.73            -34.3706
esfPubliEmpr                     446.997            354.7121            600.6262            509.3866            559.8311            205.8915            477.8257
esfRVentasEmpr                 1340.1518           1056.0589           1805.7993           1530.3987           1678.9287            620.7407           1423.6565
evoPrecioEmpr                    39.7411             46.6485             27.5145             52.2641             15.9018             41.8069             23.3596
costeIDEmpr                    3195.5343            587.5611            9345.495           2588.3584           1868.1836           1755.3079            614.5018
calMediaEmpr                      6.1357              7.5768              7.1655              4.0995              6.1667              7.2957               5.398
evoVentasEmpr                   110.3974             154.008             91.7757            100.7467            115.6667             70.2997            147.2787
dimenPlantillaEmpr                1.9235              0.8279              4.5526              1.2852              1.3469              1.9286              0.8589
valMerCont              -6469260364.3871        -130727.6735             -6.6805           -112.4836                   0   -39978649725.1999               -8.61
evoCuotaMer                            0                   0                   0                   0                   0                   0                   0
puntROI                            0.393               0.801              0.4157              0.1427                   0              0.0826              0.8003
puntROE                           0.3992              0.8003              0.3761              0.1743                   0              0.1187               0.797
puntProductividad                 0.5712              0.9969              0.5038              0.5385                   0              0.0276              0.9436
puntCosteFab                      0.4714               0.946              0.1432               0.019                   0              0.8733              0.9153
puntCuotaMer                      0.3438              0.5818              0.3318              0.1807                   0              0.2187              0.6167
puntEnd                           0.4677              0.6925              0.5822               0.598                   0              0.0474              0.2877
puntValMer                        0.5018              0.5676              0.6704               0.725                   0              0.0975              0.2503
pipc                              4.1372              3.7269               4.674              3.7269                   5              4.1114              4.6582
pincvtas                          3.9918              3.7269               4.674              3.7269                   0              4.1114              4.6582
ptipomoo                          6.2748              5.0405              7.8819              5.0405                   9              6.1932              7.8294
pcalendar                              0                   0                   0                   0                   0                   0                   0
ptipoact                          4.8804              3.9204              6.1304              3.9204                   7              4.8169              6.0895
ptipoemp                               0                   0                   0                   0                   0                   0                   0
pdescu                           12.4346              9.9802             15.6189              9.9801                  18             12.2679             15.5163
psalario                       2156.7406           2160.7915           2152.6343           2160.7943             2127.58           2157.6145           2153.6372
pcospue                        3046.2474           3051.9689           3040.4475           3051.9729             3005.06           3047.4817            3041.864
predpue                        3655.4948           3662.3607           3648.5349           3662.3655             3606.07            3656.976           3650.2347
pprecmp                           1.8247              1.8281              1.8212              1.8281                 1.8              1.8254               1.822
pcosamp                       91387.4413          91559.0879          91213.4439          91559.2084            90151.82          91424.4709          91255.9392
pcosinf                        3046.2474           3051.9689           3040.4475           3051.9729             3005.06           3047.4817            3041.864
pdemanda                        816.0333             817.566            814.4796            817.5671                 805             816.364            814.8591
ptipoimp                          0.3398                0.35                0.35                0.35                   0                0.35                0.35
pvalnom                             6.01                6.01                6.01                6.01                6.01                6.01                6.01